[ [ [ 133, 34, 1 ], [ 1, 0, 0, 0, 0, 0, 0 ] ], 
  [ [ 133, 52, 10 ], [ 0, 0, 0, 0, 0, 1, 0 ] ], 
  [ [ 133, 54, 27 ], [ 0, 0, 0, 0, 0, 0, 2 ] ], 
  [ [ 133, 64, 19, 2 ], [ 0, 0, 1, 0, 0, 0, 0 ] ], 
  [ [ 133, 66, 34, 2, 1 ], [ 2, 0, 0, 0, 0, 0, 0 ] ], 
  [ [ 133, 70, 28, 6 ], [ 0, 1, 0, 0, 0, 0, 1 ] ], 
  [ [ 133, 76, 35, 10, 1 ], [ 1, 0, 0, 0, 0, 1, 0 ] ], 
  [ [ 133, 82, 40, 14, 3 ], [ 0, 0, 0, 1, 0, 0, 0 ] ], 
  [ [ 133, 84, 59, 34, 10, 2, 1 ], [ 2, 0, 0, 0, 0, 1, 0 ] ], 
  [ [ 133, 84, 52, 20, 10 ], [ 0, 0, 0, 0, 0, 2, 0 ] ], 
  [ [ 133, 84, 49, 14, 7 ], [ 0, 2, 0, 0, 0, 0, 0 ] ], 
  [ [ 133, 86, 60, 34, 18, 2, 1 ], [ 2, 0, 0, 0, 0, 0, 2 ] ], 
  [ [ 133, 90, 53, 26, 10, 2 ], [ 0, 0, 1, 0, 0, 1, 0 ] ], 
  [ [ 133, 92, 60, 34, 14, 4, 1 ], [ 1, 0, 0, 1, 0, 0, 0 ] ], 
  [ [ 133, 94, 64, 34, 19, 4, 2 ], [ 0, 0, 2, 0, 0, 0, 0 ] ], 
  [ [ 133, 94, 61, 36, 18, 6, 1 ], [ 1, 0, 0, 0, 1, 0, 1 ] ], 
  [ [ 133, 96, 80, 64, 49, 34, 19, 4, 3, 2, 1 ], [ 2, 0, 2, 0, 0, 0, 0 ] ], D4
  [ [ 133, 96, 65, 38, 19, 8, 2 ], [ 0, 1, 1, 0, 0, 0, 1 ] ], 
  [ [ 133, 98, 67, 40, 21, 10, 3 ], [ 0, 0, 0, 1, 0, 1, 0 ] ], 
  [ [ 133, 100, 76, 52, 35, 18, 10, 2, 1 ], [ 2, 0, 0, 0, 0, 2, 0 ] ], A4
  [ [ 133, 100, 70, 40, 25, 10, 5 ], [ 0, 0, 0, 0, 2, 0, 0 ] ], 
  [ [ 133, 102, 85, 68, 52, 36, 27, 18, 10, 2, 1 ], [ 2, 0, 0, 0, 0, 2, 2 ] ], A5''
  [ [ 133, 102, 81, 64, 49, 34, 19, 8, 3, 2, 1 ], [ 2, 1, 1, 0, 0, 0, 1 ] ], D4+A1
  [ [ 133, 104, 77, 54, 35, 20, 10, 4, 1 ], [ 1, 0, 0, 1, 0, 1, 0 ] ], A4+A1
  [ [ 133, 106, 83, 64, 49, 34, 20, 10, 4, 2, 1 ], [ 2, 0, 0, 1, 0, 1, 0 ] ], D5(a1)
  [ [ 133, 106, 82, 58, 40, 22, 14, 6, 3 ], [ 0, 0, 0, 2, 0, 0, 0 ] ], A4+A2
  [ [ 133, 108, 89, 70, 52, 36, 23, 16, 10, 4, 1 ], [ 1, 0, 0, 1, 0, 2, 0 ] ], A5'
  [ [ 133, 108, 86, 68, 52, 38, 27, 18, 10, 4, 1 ], [ 1, 0, 0, 1, 0, 1, 2 ] ], A5+A1
  [ [ 133, 108, 86, 64, 49, 34, 22, 10, 6, 2, 1 ], [ 2, 0, 0, 0, 2, 0, 0 ] ], D5(a1)+A1
  [ [ 133, 110, 90, 70, 53, 40, 28, 18, 11, 6, 2 ], [ 0, 1, 1, 0, 1, 0, 2 ] ],D6(a2)
  [ [ 133, 110, 90, 70, 53, 36, 26, 16, 10, 4, 2 ], [ 0, 0, 2, 0, 0, 2, 0 ] ],E6(a3)
  [ [ 133, 112, 97, 82, 68, 54, 44, 34, 25, 16, 10, 4, 3, 2, 1 ], 
      [ 2, 0, 2, 0, 0, 2, 0 ] ], D5
  [ [ 133, 112, 91, 70, 55, 40, 29, 18, 12, 6, 3 ], [ 0, 0, 0, 2, 0, 0, 2 ] ], E7(a5)
  [ [ 133, 114, 98, 82, 67, 52, 40, 28, 21, 14, 10, 6, 3 ], 
      [ 0, 0, 0, 2, 0, 2, 0 ] ], A6
  [ [ 133, 114, 98, 82, 68, 56, 44, 34, 25, 16, 10, 6, 3, 2, 1 ], 
      [ 2, 1, 1, 0, 1, 1, 0 ] ], D5+A1
  [ [ 133, 114, 98, 82, 68, 56, 44, 34, 26, 18, 11, 6, 3, 2, 1 ], 
      [ 2, 1, 1, 0, 1, 0, 2 ] ], D6(a1)
  [ [ 133, 116, 99, 82, 69, 56, 45, 34, 26, 18, 12, 6, 4, 2, 1 ], 
      [ 2, 0, 0, 2, 0, 0, 2 ] ], E7(a4)
  [ [ 133, 118, 106, 94, 83, 72, 61, 52, 44, 36, 28, 22, 18, 14, 10, 6, 3, 2, 
          1 ], [ 2, 1, 1, 0, 1, 2, 2 ] ], D6
  [ [ 133, 118, 104, 90, 77, 64, 54, 44, 35, 26, 20, 14, 10, 6, 4, 2, 1 ], 
      [ 2, 0, 0, 2, 0, 2, 0 ] ], 
  [ [ 133, 120, 110, 100, 91, 82, 73, 64, 55, 46, 40, 34, 29, 24, 19, 14, 10, 
          6, 5, 4, 3, 2, 1 ], [ 2, 0, 2, 2, 0, 2, 0 ] ], 
  [ [ 133, 120, 107, 94, 83, 72, 62, 52, 44, 36, 29, 22, 18, 14, 10, 6, 4, 2, 
          1 ], [ 2, 0, 0, 2, 0, 2, 2 ] ], E7(a3)
  [ [ 133, 122, 111, 100, 91, 82, 73, 64, 56, 48, 41, 34, 29, 24, 19, 14, 11, 
          8, 6, 4, 3, 2, 1 ], [ 2, 2, 2, 0, 2, 0, 2 ] ], 
  [ [ 133, 124, 115, 106, 98, 90, 82, 74, 67, 60, 53, 46, 41, 36, 31, 26, 22, 
          18, 15, 12, 10, 8, 6, 4, 3, 2, 1 ], [ 2, 2, 2, 0, 2, 2, 2 ] ], 
  [ [ 133, 126, 119, 112, 106, 100, 94, 88, 82, 76, 70, 64, 59, 54, 49, 44, 
          40, 36, 32, 28, 25, 22, 19, 16, 14, 12, 10, 8, 7, 6, 5, 4, 3, 2, 1 ]
        , [ 2, 2, 2, 2, 2, 2, 2 ] ] ]